120,41
120,40
120,39
120,38
120,37
120,36
120,35
3,2
3,1
3,3
10,125
10,10
10,116
10,22
10,243
10,255
10,252
11,12
11,16
11,10
11,4
11,2
11,3
8,4
8,11
8,2
8,3
14,5
14,7
18,1
18,3
0,433
112,3
112,1
112,4
2,2
2,1
2,3
99,3
99,5
99,1
99,4
0,392
0,273
0,270
0,388
14,4
13,1
13,3
112,2
111,3
111,1
14,1
106,3
14,8
106,1
105,4
105,3
105,1
103,7
103,6
103,5
103,4
103,3
103,2
103,1
102,4
102,3
102,1
101,7
101,6
101,5
101,4
101,3
101,1
100,3
100,1
99,2
97,4
97,3
97,1
96,4
96,3
96,1
95,9
95,8
95,7
95,6
95,5
95,4
95,3
95,1
94,13
94,12
94,11
94,10
94,9
94,8
94,7
94,6
94,5
94,3
94,1
92,4
14,3
92,3
92,1
91,3
0,9
91,1
90,34
90,27
90,22
90,19
90,6
90,3
90,1
89,21
89,20
89,19
89,17
89,4
